a = 0.836037
alpha = 2.100269
z0 = 0.62
