a_s = 2.6141759066939307e-09
baryon_fraction = 0.16502686267060712
cs2_de = 1.0
h0 = 0.733738
hubble = 73.3738
k = -0.0
k_s = 0.05000000074505806
log1e10as = 3.263534
massive_nu = 3
massless_nu = 0.046
n_run = 0.0
n_s = 0.9839522
ombh2 = 0.02605243525547181
omch2 = 0.12674653622052412
omega_b = 0.04839119
omega_c = 0.23542581167344273
omega_k = 0.0
omega_lambda = 0.7067678
omega_m = 0.2932322
omega_nu = 0.009415198326557279
ommh2 = 0.15786784547599594
omnuh2 = 0.005068874
r_t = 0.0
sigma_8 = 0.8500943665752351
sterile_neutrino = 0
tau = 0.08
w = -1.0
wa = 0.0
yhe = 0.245341
