bias_1 = 0.002548
bias_2 = -0.020085
bias_3 = 0.008147
bias_4 = -0.016096
