[cosmological_parameters]
omega_m = 2.932322e-01
h0 = 7.337380e-01
omega_b = 4.839119e-02
n_s = 9.839522e-01
log1e10as = 3.247298e+00
omnuh2 = 5.068874e-03
w = -1.0
massive_nu = 3
massless_nu = 0.046
omega_k = 0.0
tau = 0.08
wa = 0.0
yhe = 0.245341

[bin_bias]
b1 = 1.45
b2 = 1.55
b3 = 1.65
b4 = 1.8
b5 = 2.0

[shear_calibration_parameters]
m1 = 0.012059
m2 = 0.013840
m3 = 0.002800
m4 = 0.017770

[intrinsic_alignment_parameters]
a = 0.836037
alpha = 2.100269
z0 = 0.62

[wl_photoz_errors]
bias_1 = 0.002548
bias_2 = -0.020085
bias_3 = 0.008147
bias_4 = -0.016096

[lens_photoz_errors]
bias_1 = 0.0
bias_2 = 0.0
bias_3 = 0.0
bias_4 = 0.0
bias_5 = 0.0

