m1 = 0.012059
m2 = 0.01384
m3 = 0.0028
m4 = 0.01777
